Warming up the Java JIT
End Warmup Phase:8756

(1+1)-EA with Uniform Scramble Mutation
         u	      simple	   optimized	 %less-time	         t	       dof	         p	 simple-cost	    opt-cost	    t-cost	  dof-cost	    p-cost
0.015625000	      0.0972	      0.0345	     64.47%	   58.9884	       197	 3.75e-127	        0.67	        0.52	    1.1031	       196	     0.271
0.023437500	       0.101	      0.0403	     59.94%	   52.7554	       196	 8.92e-118	        0.40	        0.39	    0.0854	       197	     0.932
0.031250000	       0.105	      0.0459	     56.05%	   69.2509	       144	 1.92e-112	        0.91	        0.60	    2.0693	       192	    0.0399
0.039062500	       0.109	      0.0516	     52.79%	   61.2002	       183	 8.38e-124	        2.23	        2.30	   -0.3094	       195	     0.757
0.046875000	       0.115	      0.0556	     51.43%	   50.6952	       197	 5.46e-115	        6.33	        6.02	    1.0092	       197	     0.314
0.054687500	       0.118	      0.0636	     46.09%	   51.4683	       175	 1.29e-107	       11.97	       12.94	   -2.5863	       197	    0.0104
0.062500000	       0.121	      0.0644	     46.91%	   58.1438	       197	 5.51e-126	       20.32	       20.70	   -0.9317	       197	     0.353
0.070312500	       0.144	      0.0686	     52.44%	   34.0951	       127	  8.95e-66	       28.15	       28.55	   -0.9626	       197	     0.337
0.078125000	       0.125	      0.0861	     31.13%	   40.7357	       163	  2.32e-87	       35.93	       36.36	   -1.0509	       196	     0.295
0.085937500	       0.127	      0.0895	     29.69%	   38.8265	       197	  2.97e-94	       43.18	       43.02	    0.4085	       196	     0.683
0.093750000	       0.131	      0.0906	     30.70%	   36.4152	       176	  7.27e-84	       48.40	       48.46	   -0.1721	       197	     0.864
0.101562500	       0.135	      0.0917	     31.98%	   41.1114	       180	  2.00e-93	       54.17	       53.93	    0.7058	       197	     0.481
0.109375000	       0.139	      0.0952	     31.57%	   53.6191	       195	 1.13e-118	       58.38	       58.44	   -0.1751	       197	     0.861
0.117187500	       0.142	      0.0980	     30.95%	   47.2124	       162	  1.31e-96	       61.99	       62.23	   -0.6857	       196	     0.494
0.125000000	       0.149	      0.0986	     33.86%	   44.4693	       197	 1.12e-104	       65.49	       65.68	   -0.6131	       193	     0.541

Interpreting Above Results:
1) Negative t value implies simple version is faster.
2) Positive t value implies optimized version is faster.
3) The p column is, well, the p value.
