Warming up the Java JIT
End Warmup Phase:56357

UPMX
   c	      simple	   optimized	 %less-time	         t	       dof	         p	 simple-cost	    opt-cost	    t-cost	  dof-cost	    p-cost
0.05	      0.0442	      0.0414	      6.36%	    2.7357	       186	   0.00683	       54.91	       55.10	   -0.8880	       190	     0.376
0.15	      0.0628	      0.0530	     15.67%	   10.2023	       161	  3.66e-19	       40.43	       40.10	    1.0513	       197	     0.294
0.25	      0.0817	      0.0672	     17.78%	   14.1591	       196	  8.25e-32	       22.24	       21.85	    0.8041	       197	     0.422
0.35	      0.0970	      0.0772	     20.45%	   21.5982	       166	  4.35e-50	        2.62	        2.59	    0.1006	       197	     0.920
0.45	       0.112	      0.0834	     25.21%	   26.2698	       180	  1.72e-63	        0.25	        0.16	    1.0259	       188	     0.306
0.55	       0.126	      0.0930	     26.18%	   46.4934	       194	 3.96e-107	        0.08	        0.04	    0.8263	       179	     0.410
0.65	       0.140	       0.100	     28.16%	   36.4730	       152	  4.60e-77	        0.00	        0.02	   -1.0000	        99	     0.320
0.75	       0.156	       0.111	     29.17%	   48.9838	       197	 2.89e-112	        0.00	        0.04	   -1.4214	        99	     0.158
0.85	       0.169	       0.120	     28.97%	   51.7557	       193	 4.17e-115	        0.00	        0.00	       NaN	         0	      1.00
0.95	       0.187	       0.130	     30.38%	   51.0157	       182	 9.53e-110	        0.00	        0.00	       NaN	         0	      1.00

UOBX
   c	      simple	   optimized	 %less-time	         t	       dof	         p	 simple-cost	    opt-cost	    t-cost	  dof-cost	    p-cost
0.05	      0.0483	      0.0452	      6.47%	    4.0637	       193	  7.02e-05	       64.76	       64.73	    0.1888	       196	     0.850
0.15	      0.0722	      0.0647	     10.39%	    7.2330	       185	  1.21e-11	       68.91	       68.71	    1.2771	       197	     0.203
0.25	      0.0961	      0.0820	     14.63%	   13.9007	       196	  5.08e-31	       73.99	       73.84	    0.8364	       196	     0.404
0.35	       0.119	       0.101	     15.15%	   15.4528	       197	  8.30e-36	       80.14	       80.00	    0.8809	       195	     0.379
0.45	       0.142	       0.117	     17.29%	   24.5921	       166	  3.14e-57	       87.70	       87.76	   -0.3694	       196	     0.712
0.55	       0.164	       0.132	     19.79%	   25.9713	       193	  6.69e-65	       97.46	       97.37	    0.5573	       196	     0.578
0.65	       0.184	       0.149	     19.24%	   32.2957	       196	  2.05e-80	      107.46	      107.33	    0.7690	       193	     0.443
0.75	       0.209	       0.168	     19.31%	   37.7673	       192	  8.17e-91	      108.15	      108.40	   -0.8880	       190	     0.376
0.85	       0.234	       0.188	     19.61%	   51.9232	       191	 1.38e-114	      101.90	      102.20	   -0.6427	       197	     0.521
0.95	       0.258	       0.209	     19.11%	   31.3789	       182	  2.42e-75	       96.89	       97.48	   -1.2808	       197	     0.202

OX2
   c	      simple	   optimized	 %less-time	         t	       dof	         p	 simple-cost	    opt-cost	    t-cost	  dof-cost	    p-cost
0.05	      0.0483	      0.0461	      4.53%	    3.3845	       197	  0.000861	       64.62	       64.56	    0.3759	       196	     0.707
0.15	      0.0731	      0.0659	      9.83%	    6.6818	       197	  2.36e-10	       69.00	       68.84	    1.0331	       197	     0.303
0.25	      0.0948	      0.0844	     11.04%	   10.2246	       188	  8.57e-20	       73.92	       74.01	   -0.5729	       197	     0.567
0.35	       0.117	       0.103	     12.15%	   11.7530	       197	  1.64e-24	       80.13	       80.21	   -0.5139	       186	     0.608
0.45	       0.140	       0.120	     14.11%	   23.4344	       152	  2.51e-52	       87.72	       87.79	   -0.4233	       182	     0.673
0.55	       0.160	       0.136	     15.30%	   23.3832	       197	  9.73e-59	       97.24	       97.23	    0.0573	       197	     0.954
0.65	       0.179	       0.152	     14.77%	   23.9268	       193	  1.19e-59	      107.15	      107.46	   -1.8513	       185	    0.0657
0.75	       0.203	       0.172	     15.02%	   34.9208	       188	  4.10e-84	      108.33	      108.75	   -1.4226	       195	     0.156
0.85	       0.227	       0.192	     15.35%	   25.4667	       194	  8.86e-64	      102.06	      102.34	   -0.6079	       197	     0.544
0.95	       0.250	       0.211	     15.62%	   33.2461	       179	  1.63e-78	       97.84	       97.78	    0.1250	       197	     0.901

UPPX
   c	      simple	   optimized	 %less-time	         t	       dof	         p	 simple-cost	    opt-cost	    t-cost	  dof-cost	    p-cost
0.05	      0.0477	      0.0459	      3.61%	    2.7035	       180	   0.00752	       64.72	       64.65	    0.4773	       196	     0.634
0.15	      0.0714	      0.0664	      7.00%	    4.6315	       195	  6.62e-06	       69.26	       69.44	   -1.2482	       197	     0.213
0.25	      0.0973	      0.0845	     13.16%	   11.7886	       191	  1.86e-24	       74.57	       74.45	    0.6661	       188	     0.506
0.35	       0.121	       0.106	     12.16%	   15.1128	       197	  9.03e-35	       80.99	       80.89	    0.6758	       197	     0.500
0.45	       0.145	       0.128	     11.72%	   15.0995	       197	  9.93e-35	       88.83	       88.94	   -0.6639	       193	     0.508
0.55	       0.170	       0.148	     13.20%	   22.9135	       173	  2.75e-54	       99.31	       99.27	    0.2435	       196	     0.808
0.65	       0.198	       0.169	     14.62%	   26.9215	       193	  2.90e-67	      113.63	      113.83	   -1.2079	       197	     0.229
0.75	       0.237	       0.205	     13.54%	   32.1585	       196	  4.14e-80	      112.54	      113.60	   -3.4495	       197	  0.000687
0.85	       0.265	       0.231	     12.63%	   40.1393	       155	  8.54e-84	      109.31	      109.80	   -1.6441	       197	     0.102
0.95	       0.290	       0.252	     12.89%	   31.8946	       197	  9.82e-80	      107.67	      107.97	   -0.8939	       193	     0.372

Interpreting Above Results:
1) Negative t value implies simple version is faster.
2) Positive t value implies optimized version is faster.
3) The p column is, well, the p value.
